67.018750
85.569331
91.336983
93.896625
66.152794
56.432279
42.186129
46.335509
49.890827
52.344180
41.978642
25.755373
8.248079
6.668434
5.637364
5.031591
-2.682777
7.874859
37.847510
54.333779
56.655774
71.724337
78.774082
102.945121
73.322740
67.397218
36.449787
22.211614
6.801890
7.118207
24.695962
13.340449
18.819257
28.216210
48.236795
75.072141
77.094846
72.244513
54.731914
58.467671
44.251023
32.022462
29.189622
34.393508
52.139937
69.240758
70.087401
71.425350
69.441291
47.378801
64.539802
68.410640
58.145879
63.052740
26.239739
41.321064
38.936983
7.205697
-7.832054
14.386084
20.887935
17.815237
24.274054
21.752956
9.105418
12.790037
27.255569
36.090873
27.288474
16.845687
20.396029
36.125641
47.591590
34.150678
23.740410
31.039889
34.435262
35.936253
59.464261
95.500117
83.127458
74.829518
78.790067
63.787957
61.087172
52.004456
31.972066
24.654527
38.799353
11.894738
12.261235
1.040553